input_data = [1, 0, -3, 2, -2, 1, 0, -1, 3] # det = 1
output_data = [-5, 3, -6, -6, 3, -7, -2, 1, -2]

input_data = [1, 2, 3, 0, 1, 4, 5, 6, 0] # det = 1
output_data = [-24, 18, 5, 20, -15, -4, -5, 4, 1]

input_data = [2, 5, 3, 7] # det = -1
output_data = [-7, 5, 3, -2]

input_data = [1, 0, 4, -6, 2, 5, 0, 3, -1, 2, 3, 5, 2, 1, -2, 3] # det = 318

input_data = [1, -2, 0, 2, -1, 3, 1, -2, -1, 5, 3, -2, 0, 7, 7, 0] # det = 0

input_data = [0, 0, -1, 2, 0, 1, 0, 0, 9, 0, 0, 0, 0, 0, 0, 1] # det = 9

input_data = [2, 0, 0, 1, 5, 0, 2, 0, 1, 2, 0, 0, 2, 3, 1, 1, 1, 3, 0, 0, 5, 2, 1, 0, 0] # det = 460
